4294967279,15
220,4
4294967279,133
220,3
220,2
220,1
4294967294,921
4294967279,271
4294967279,13
4294967279,12
4294967279,11
4294967279,259
4294967279,10
219,4
219,3
219,2
219,1
4294967279,280
4294967294,468
4294967294,1
4294967294,949
4294967294,29
4294967279,512
4294967294,17
4294967294,99
4294967294,76
4294967294,41
4294967294,424
4294967294,43
4294967279,262
218,4
4294967279,261
218,3
218,2
218,1
4294967294,44
4294967294,390
4294967294,427
4294967294,0
4294967294,903
0,7
4294967294,53
4294967294,417
4294967279,275
4294967294,42
4294967294,5
4294967294,107
4294967294,91
4294967294,90
4294967294,87
4294967294,86
4294967294,85
4294967294,84
4294967294,1414
4294967294,950
4294967294,419
4294967294,28
4294967294,920
4294967294,27
4294967294,45
4294967294,96
4294967294,94
4294967279,551
4294967294,9
4294967279,257
4294967294,8
4294967279,569
4294967294,7
4294967294,6
4294967294,22
4294967294,93
4294967294,95
0,5
4294967294,898
4294967294,104
4294967294,106
4294967294,166
4294967294,24
4294967294,189
4294967294,184
4294967294,384
4294967294,185
4294967294,50
4294967294,51
4294967294,52
4294967294,472
4294967294,25
4294967294,946
4294967294,26
4294967294,30
4294967294,942
4294967294,941
4294967294,939
4294967294,938
4294967294,933
4294967294,922
4294967294,436
4294967294,830
4294967294,829
4294967294,828
4294967294,827
4294967294,60
4294967294,12
4294967294,970
4294967294,81
4294967294,82
4294967294,83
4294967294,67
4294967294,68
4294967294,11
4294967294,92
4294967294,88
4294967278,132
4294967278,358
4294967278,131
4294967278,357
4294967278,130
4294967278,256
4294967278,129
4294967278,355
4294967278,128
4294967278,356
4294967278,127
4294967278,255
4294967278,126
4294967278,354
4294967278,125
4294967278,384
4294967278,124
4294967278,375
4294967278,123
4294967278,252
4294967278,122
4294967278,121
4294967278,120
4294967278,119
4294967278,118
4294967278,117
4294967278,116
4294967278,115
4294967278,114
4294967278,113
4294967278,112
4294967278,111
4294967278,110
4294967278,109
4294967278,108
4294967278,107
4294967278,106
4294967278,105
4294967278,104
4294967278,103
4294967278,102
4294967278,101
4294967278,100
4294967278,99
4294967278,98
4294967278,97
4294967278,96
4294967278,95
4294967278,94
4294967278,93
4294967278,92
4294967278,91
4294967278,90
4294967278,89
4294967278,87
4294967278,86
4294967278,85
4294967278,84
4294967278,83
4294967278,82
4294967278,81
4294967278,80
4294967278,79
4294967278,78
4294967278,77
4294967278,76
4294967278,75
4294967278,74
4294967278,73
4294967278,72
4294967278,71
4294967278,70
4294967278,69
4294967278,68
4294967278,67
4294967278,66
4294967278,65
4294967278,64
4294967279,333
4294967279,0
4294967279,89
4294967279,86
4294967279,83
4294967279,79
4294967279,78
4294967279,76
4294967279,75
4294967279,73
4294967279,70
4294967279,68
4294967279,66
4294967279,64
4294967279,62
4294967279,58
4294967279,57
4294967279,51
4294967279,50
4294967279,49
4294967279,47
4294967279,44
4294967279,41
4294967279,37
4294967279,36
4294967279,34
4294967279,29
4294967279,28
4294967279,25
4294967279,23
4294967279,22
4294967279,18
4294967279,16
4294967279,14
4294967279,9
4294967279,8
4294967279,7
4294967279,6
4294967279,5
4294967279,4
217,4
217,3
217,2
217,1
4294967279,543
4294967294,1418
4294967294,1421
4294967294,1420
4294967294,1419
216,5
216,4
216,2
216,1
215,4
215,3
215,2
215,1
4294967294,973
214,4
214,3
214,2
214,1
213,4
213,3
213,2
213,1
212,4
212,3
212,2
212,1
4294967294,475
211,6
211,5
211,4
211,3
211,2
211,1
210,5
210,4
210,3
210,2
210,1
209,5
209,4
209,3
209,2
209,1
208,5
208,4
208,3
208,2
208,1
207,4
207,3
207,2
207,1
4294967279,301
4294967279,328
4294967279,336
4294967293,131
4294967293,130
4294967293,129
4294967293,128
4294967293,127
4294967293,126
4294967293,125
4294967293,124
4294967293,123
4294967293,122
4294967293,121
4294967293,120
4294967293,119
4294967293,118
4294967293,117
4294967293,116
4294967293,115
4294967293,114
4294967293,113
4294967293,112
4294967293,111
4294967293,110
4294967293,109
4294967293,108
4294967293,107
4294967293,106
4294967293,105
4294967293,104
4294967293,103
4294967293,102
4294967293,101
4294967293,100
4294967293,99
4294967293,98
4294967293,97
4294967293,96
4294967293,95
4294967293,94
4294967293,93
4294967293,92
4294967293,91
4294967293,90
4294967293,89
4294967293,88
4294967293,87
4294967293,86
4294967293,85
